%YAML:1.0
---
distCoeffs: !!opencv-matrix
   rows: 1
   cols: 5
   dt: d
   data: [ -2.3780081842457693e-01, -8.4663104053392016e-02,
       -7.9366478294421957e-04, -1.1334803322484078e-04,
       1.0449350763345260e-01 ]
