%YAML:1.0
---
intrinsic: !!opencv-matrix
   rows: 3
   cols: 3
   dt: d
   data: [ 1.1569729610553752e+03, 0., 6.6603300077127767e+02, 0.,
       1.1521804309159261e+03, 3.8883520124118729e+02, 0., 0., 1. ]
